0
0.23626
0.231734
0.351531
-0.280895
-0.165559
0.227566
-0.207699
0.0382039
-0.037544
0.100208
-0.126823
-0.00660645
0.39866
0.368746
0.111886
0.184769
-0.324392
0.0845295
-0.441502
-0.236401
-0.338617
0.234298
-0.320644
-0.0963147
-0.348155
-0.36118
0.435791
-0.269134
0.00020578
0.292099
0
0.378594
0.232986
0.251324
0.719212
-0.176297
0.208379
0.412669
0.743932
-0.119093
-0.0474589
0.14855
-0.282714
0.531738
0.612356
-0.323185
0.091409
-0.0954047
-0.49387
-0.165062
-0.0558822
0.939085
0.314834
0.14385
0.0491843
0.543478
-0.396693
0.0320867
0.900291
0.780975
0.309527
0.566445
-0.123073
0.229074
6.9834e-06
0.14686
0.0190063
-0.429188
-0.0494577
0.390362
0.373007
0.179815
-0.182214
0.200749
0.132191
-0.123602
0.174487
-0.321279
-0.0616673
0.321953
0.298007
-0.162657
-0.233676
0.358124
-0.127223
0.177231
0.431234
0.0632444
0.140674
0.311446
-0.0425313
0.374887
0.247701
0.108054
0.310365
-0.0720801
-0.283144
0.310123
0.306974
-0.345088
0.311471
0.0390696
-0.155396
0.109087
-0.23944
0.253221
-0.169782
-0.0796581
-0.304641
-0.304132
-0.252393
0.0231444
-0.110884
-0.32108
0.315697
-0.382149
-0.341692
-0.0583033
0.174985
0.394613
0.327814
0.134994
-0.153151
0
-0.185648
-0.242891
0.0741784
-0.229333
-0.312721
0.207492
-0.334985
0.262488
-0.303994
0.215569
-0.381595
0.390707
-0.401054
0.0189566
-0.289606
-0.232895
0.266359
0.208092
0.135003
0.417734
0.123874
0.229525
-0.364303
-0.326899
0.0180765
-0.377241
-0.384687
-0.264165
-0.035312
0.285106
0
-0.375438
-0.29832
0.472559
-0.236959
0.331451
-0.335183
0.467505
-0.363585
0.315881
-0.421792
-0.42371
0.366089
0.0993818
-0.270312
-0.314639
-0.114387
0.360495
0.277737
-0.131684
0.0327246
0.109577
-0.0278591
0.203274
-0.325343
0.0298106
0.233752
-0.162474
0.474197
0.07856
0.329131
0.260363
-0.326983
0.283444
0.387096
0.483826
0.317201
0.28176
0.556201
0.385355
0.334319
0.286014
0.2611
-0.0620303
-0.216561
0.374576
0.351813
-0.483769
0.0924168
-0.271689
0.138931
-0.312683
0.375873
-0.0280585
0.0250318
-0.0791546
-0.214455
0.116605
-0.162342
0.292162
0.135771
0.412603
0.0222318
0.170754
-0.42107
-0.0559179
0.0253436
0.498838
-0.034309
-0.282773
0.185122
0.0127286
-0.311107
-0.234086
0.139263
0.22011
-0.304589
0.189344
0.0306734
-0.0165416
-0.169684
0.177641
-0.250623
-0.0213531
-0.545638
-0.198345
0.0572674
0.126579
0.0983668
-0.247363
-0.424792
0.00624117
0.0975132
0.621814
0.134482
-0.309217
0.292659
0.0146254
0.268993
-0.105735
-0.20541
-0.681897
-0.0575449
0.743426
-0.0542878
-0.161156
-0.504616
-0.279189
0.10202
0.39073
0.270345
-0.0132348
0.235283
0.006406
-0.508876
-0.504296
0.115774
-0.751511
-0.027882
-0.0811865
-0.421265
-0.315358
0.155236
0.433152
0.790348
-0.271827
0.194361
-0.0361329
0.302453
0.427438
0.417563
0.38573
-0.188826
0.288294
0.042423
-0.151786
0.355162
0.392455
0.358266
-0.00130546
0.0824565
-0.296168
-0.180934
0.327487
-0.00510005
0.0412639
0.348741
0.067424
-0.130989
-0.240605
0.208464
0.256423
-0.230181
0.12394
0.0134658
2.09801
-0.49123
-1.19451
-0.0177412
-0.506981
-0.559267
0.045979
-0.275166
0.915552
1.18252
0.481653
0
-0.00945119
-0.255929
-0.2159
0.20295
0.167998
-0.402762
-0.584096
-0.666719
-0.610234
0.176662
0
-0.261216
-0.63339
-0.112583
0.673116
0.129467
-0.363346
0.245929
0.405545
-0.0194782
-0.530952
0.258818
0.0258007
-0.454286
0.0214319
-0.148956
0.509439
-0.196066
-0.449044
-0.284889
0.324713
0.146424
0.00783795
0.615898
-0.563761
-0.138122
-0.766209
0.438859
0.425136
-0.319564
-0.596954
0.566354
0.342475
0
0.753632
0.322091
-0.447898
-0.0404433
0.565736
-0.629097
-0.62036
-0.181417
-0.307107
0.243409
0
-0.6948
-0.691835
-0.0655067
0.435119
0.297564
-0.0889853
-0.59007
0.138865
0.121821
0.0463197
0
-0.306968
1.52703
0.321725
-0.399091
0.168411
0.00668524
0.555221
-0.0220573
-0.836916
0.548961
0
0.656436
-0.511777
-0.0282986
-0.425268
0.506229
-0.324047
-0.221236
0.586025
-0.241285
0.487854
0
-0.375738
0.43047
0.194582
0.52038
-0.297203
-0.432524
-0.468425
0.174194
-0.6046
0.269894
0.00145972
-1.84202
0.198199
-0.4
0.0351504
-0.723355
-0.73
-0.5
1.38121
0.56
0.0200183
0.99854
0.972025
-0.5582
-0.61
-0.97515
-0.716645
-0.97
0
-1.09121
-0.53
0.379982
